167
164
160
157
154
155
168
176
172
155
85
92
99
94
98
104
92
113
114
114
127
129
124
127
126
126
130
132
125
128
134
133
131
125
126
126
129
129
130
127
132
125
124
133
130
124
123
118
111
96
113
147
157
147
150
154
155
146
149
150
157
156
148
217
225
188
91
113
122
111
113
111
118
124
108
123
121
109
147
122
162
159
154
151
150
153
168
171
165
134
83
84
99
88
92
95
101
106
118
116
125
125
124
124
126
128
130
128
128
128
129
129
127
128
124
127
124
126
126
127
129
121
122
126
125
123
122
114
112
102
109
141
158
154
146
149
153
151
150
149
152
154
147
211
223
211
87
106
115
113
116
114
119
118
115
123
123
115
109
20
153
153
154
153
151
156
166
167
163
129
81
79
91
99
95
91
100
108
116
117
119
122
127
126
125
127
127
129
130
128
124
125
127
126
125
126
124
126
134
128
127
127
122
120
124
124
125
119
115
106
95
128
152
161
156
158
160
153
152
151
151
149
147
160
220
223
157
100
112
111
111
113
114
114
116
116
125
101
22
26
153
152
158
157
153
164
162
160
150
140
84
83
90
98
95
93
97
107
113
112
121
122
126
129
125
127
127
128
129
126
126
128
127
124
127
126
123
126
136
129
125
134
124
126
121
126
120
120
116
110
102
110
150
157
162
157
162
156
157
154
150
148
146
143
203
221
217
89
104
110
113
115
116
119
124
134
88
27
29
28
153
155
157
157
161
166
159
157
157
130
74
78
91
95
96
90
99
107
113
117
122
120
125
127
128
128
122
126
121
130
134
123
121
118
121
117
121
122
129
129
128
121
123
122
122
122
124
119
118
105
96
110
142
162
164
161
155
155
151
155
151
152
148
147
140
218
228
192
99
109
112
114
113
118
132
84
33
19
23
29
159
154
158
159
169
170
156
154
160
128
78
85
90
101
92
93
95
106
114
114
121
120
125
124
126
130
126
122
126
127
128
123
118
112
117
120
118
119
125
126
128
123
122
123
120
119
122
123
117
108
103
113
133
154
161
158
157
156
155
154
152
155
154
149
138
180
213
230
136
108
110
116
122
124
82
24
25
27
24
31
163
159
161
166
165
162
155
157
158
127
70
81
93
89
93
94
96
106
111
113
119
117
122
119
123
125
120
123
129
123
123
123
121
114
112
110
112
114
122
127
127
123
121
123
120
118
120
121
116
112
104
111
135
150
156
158
155
156
153
150
160
155
150
146
139
126
210
236
220
78
101
111
125
77
18
19
38
34
26
30
161
159
163
163
151
149
162
158
161
131
75
83
92
95
96
91
99
108
112
118
117
122
117
122
126
125
130
128
123
124
133
116
125
131
154
181
167
128
116
116
120
124
124
128
124
122
119
121
117
108
105
108
131
144
150
155
155
152
152
154
151
149
143
142
137
137
183
230
231
145
95
110
82
21
17
29
30
30
18
18
159
159
170
150
136
143
164
158
160
132
72
79
91
94
92
93
100
109
117
111
123
117
122
126
126
128
125
122
124
124
157
150
155
181
179
195
184
181
198
218
124
114
121
121
124
123
118
117
113
105
103
102
133
146
145
152
155
153
151
148
148
142
141
138
135
134
138
215
236
227
100
82
19
20
26
26
30
16
21
12
161
169
157
129
105
150
162
161
159
134
66
79
82
89
86
92
98
107
111
119
117
118
122
122
124
123
131
160
114
139
146
144
158
164
175
169
173
179
207
200
208
215
97
116
123
121
117
115
109
104
97
103
133
147
142
150
151
152
146
141
140
140
139
135
134
134
136
144
229
239
202
21
17
28
30
31
24
27
20
25
161
172
148
94
105
150
167
164
162
130
65
67
80
79
87
89
91
99
110
110
118
116
119
116
109
90
117
115
117
137
125
136
144
145
151
176
174
200
197
202
202
212
218
134
98
117
111
113
105
102
94
99
132
152
143
146
144
147
151
136
137
142
138
138
137
142
139
143
211
234
26
10
25
34
35
18
32
24
29
14
176
161
129
50
105
143
168
163
161
127
58
71
80
91
92
91
93
105
103
108
115
116
118
113
116
101
103
114
123
135
134
142
140
142
154
176
177
192
188
197
205
213
212
223
203
83
96
110
104
98
99
99
135
154
154
144
135
131
145
143
139
143
138
138
142
136
142
146
159
37
22
30
23
35
22
33
19
31
30
38
167
147
83
73
107
148
164
164
158
128
64
70
84
89
86
90
90
104
109
107
113
117
115
116
107
95
114
112
130
127
123
135
130
129
148
163
180
197
195
202
202
209
200
216
238
249
91
90
96
93
93
100
140
155
158
152
120
105
132
145
142
147
141
141
142
147
147
158
92
26
22
24
25
18
34
27
26
46
22
171
154
114
65
70
104
148
167
167
154
123
66
71
84
92
91
89
94
104
106
109
113
118
113
106
98
113
107
113
117
114
128
135
124
140
156
155
186
199
196
208
183
237
230
228
229
239
251
59
87
89
89
93
133
155
154
155
132
51
101
142
146
145
140
141
144
146
147
146
15
21
30
28
23
26
21
25
63
36
147
153
137
68
75
65
104
145
163
163
152
122
62
73
86
92
90
86
97
98
106
111
115
118
121
94
103
110
113
113
118
132
137
133
144
150
149
166
192
188
154
232
229
219
218
229
227
233
243
241
57
72
83
91
130
157
155
156
136
49
43
116
146
141
140
143
146
150
157
8
44
32
32
29
21
26
27
42
60
137
157
146
91
70
79
69
101
144
162
165
159
125
69
70
87
87
86
91
94
100
114
111
115
127
114
106
105
112
108
114
125
124
138
133
149
148
144
151
150
197
223
227
224
217
224
226
220
222
233
239
208
45
63
86
135
156
157
156
137
51
32
89
135
146
141
143
145
154
70
11
23
38
26
21
34
29
36
39
127
156
150
163
73
79
79
75
101
146
164
171
157
129
73
66
81
87
89
91
93
101
108
120
103
104
89
110
103
104
110
122
121
147
136
139
132
128
148
123
215
214
200
211
215
211
223
229
228
227
225
232
229
252
39
78
130
155
152
156
129
51
14
32
115
145
140
138
149
148
16
21
35
29
21
34
18
37
36
120
142
140
168
164
78
79
78
74
101
146
164
164
164
128
71
70
84
87
91
89
94
104
107
106
178
86
96
100
105
113
117
133
145
120
123
136
119
110
163
204
194
203
205
199
213
211
223
226
227
224
224
225
238
249
155
61
129
153
153
155
132
58
20
12
45
113
160
130
145
15
18
32
27
33
31
25
34
17
93
154
134
163
162
163
72
74
75
71
95
146
165
164
160
125
65
66
76
83
82
86
92
102
101
99
191
92
97
110
109
113
125
139
131
123
140
105
99
188
212
179
207
183
202
212
206
212
219
213
228
232
230
233
233
235
252
51
123
154
154
155
135
61
19
11
100
240
216
244
242
18
24
38
39
30
31
32
21
49
155
136
165
163
160
159
79
81
86
73
96
143
167
163
160
127
62
57
85
85
90
88
95
92
106
90
160
88
95
111
111
101
130
131
119
131
114
120
176
180
151
177
189
189
202
200
223
197
213
218
221
220
218
226
227
232
243
172
113
167
156
153
130
35
14
221
181
240
238
238
250
14
26
30
28
28
31
36
24
148
143
161
163
161
161
157
79
81
85
86
101
143
166
167
162
129
67
65
79
88
90
87
98
98
104
154
158
91
98
85
106
120
117
120
126
128
119
169
169
165
186
197
198
200
199
200
181
208
219
208
206
221
232
209
225
225
229
243
123
147
154
150
104
22
241
176
234
232
214
236
250
2
30
28
21
19
27
14
105
154
157
163
160
159
156
160
89
89
88
83
97
148
167
169
167
130
66
66
80
89
91
88
94
100
97
223
108
81
100
96
95
111
118
119
110
145
161
134
144
190
185
196
197
189
180
206
186
201
208
205
218
207
209
211
220
220
214
216
230
134
139
140
203
205
207
232
220
215
226
239
243
18
26
32
22
27
29
21
164
145
165
160
155
158
157
154
88
87
87
83
102
149
168
170
172
134
68
69
81
87
88
87
91
98
89
211
126
92
97
90
103
113
107
118
153
154
142
119
163
184
180
170
171
163
181
176
193
205
202
195
179
200
183
203
222
204
206
193
203
187
172
220
204
242
225
218
216
220
224
244
251
28
34
26
19
34
42
132
148
160
162
160
157
157
154
153
94
88
85
85
104
146
169
177
168
136
66
65
81
88
86
84
87
95
82
205
140
112
97
100
107
121
126
144
149
151
119
150
155
164
179
184
163
199
190
183
179
180
183
192
196
204
193
202
194
199
194
195
191
218
202
212
228
216
215
216
224
211
224
241
213
21
21
18
25
28
86
155
147
162
163
161
160
158
157
157
85
82
85
85
100
146
170
175
173
138
70
73
81
89
84
85
87
89
79
194
163
147
94
83
102
99
144
141
159
113
152
154
151
141
161
182
176
172
181
172
157
176
173
177
193
188
190
185
192
178
168
218
186
214
225
211
212
217
218
224
227
160
195
224
2
30
31
15
18
42
145
149
166
166
162
159
160
157
157
159
80
81
80
80
104
149
165
172
169
140
67
71
82
89
84
89
87
84
72
185
157
144
119
84
98
145
136
145
112
144
145
139
156
155
175
161
175
170
171
167
156
160
178
177
174
186
176
172
177
181
174
206
233
213
208
208
220
217
220
228
147
185
160
226
25
27
21
29
27
110
151
157
164
163
157
161
159
156
157
159
81
83
83
86
109
148
170
171
167
141
74
68
80
83
81
87
85
84
63
202
170
148
137
97
134
132
154
115
134
146
115
154
140
169
163
162
172
138
119
161
172
164
165
164
174
165
157
153
212
192
223
200
192
210
212
217
221
223
228
226
178
170
142
171
14
34
20
32
40
163
144
162
162
157
157
159
155
158
157
157
87
87
86
86
104
146
167
173
173
142
66
66
84
84
86
86
89
79
60
201
160
151
141
116
117
139
111
142
127
99
131
127
151
139
161
127
98
138
181
110
111
176
118
133
150
160
175
161
204
211
207
206
213
218
220
224
223
233
236
170
54
101
237
2
15
24
29
35
104
149
156
160
160
158
159
157
156
155
153
155
88
90
86
97
112
148
170
173
173
141
67
64
83
83
85
81
86
82
65
204
205
128
146
99
123
98
142
133
118
125
131
153
141
154
84
92
138
133
162
69
62
48
33
15
17
215
170
217
205
209
210
204
211
217
216
227
231
143
63
69
95
199
143
12
26
16
29
16
158
143
165
162
163
160
160
156
156
155
154
153
93
91
80
99
115
148
171
171
171
139
70
64
82
85
83
87
88
79
76
218
198
133
154
127
93
129
143
113
132
136
144
145
139
139
109
57
43
60
145
77
146
58
3
18
189
181
196
206
203
199
205
204
211
216
208
178
71
78
92
161
214
46
18
26
17
23
36
88
154
163
166
163
162
162
160
159
158
155
156
155
100
92
92
89
111
148
171
168
172
142
70
64
79
83
86
89
81
92
78
211
189
166
123
121
126
131
98
131
116
135
145
151
115
34
61
33
34
116
29
144
89
25
63
147
202
199
185
194
197
199
205
208
212
177
57
113
166
174
174
185
88
14
34
22
28
33
27
157
142
166
167
166
164
163
162
159
156
158
155
151
95
92
90
91
107
149
170
170
174
142
67
66
76
84
83
84
83
95
89
56
210
145
160
113
122
91
125
117
119
151
63
53
64
67
28
8
87
31
116
116
89
42
113
208
206
192
190
190
190
200
206
205
42
91
123
129
156
169
193
61
11
26
32
31
22
30
54
151
157
170
168
164
165
163
164
161
159
158
154
152
100
97
90
86
99
148
171
173
173
144
64
64
78
84
85
86
89
96
98
86
218
202
142
114
122
122
136
142
121
135
84
69
68
17
132
18
55
54
50
91
127
95
209
204
199
189
194
183
202
195
197
213
136
61
91
139
154
215
21
21
30
30
30
23
23
33
116
117
170
168
166
166
165
163
162
162
161
159
156
154
96
93
90
85
90
144
167
173
170
145
71
64
79
86
86
83
90
96
103
90
89
211
181
126
109
123
111
128
119
72
46
70
58
41
37
44
14
26
23
73
57
160
187
195
179
186
189
189
191
217
214
218
193
83
45
58
152
104
14
24
30
39
33
11
33
50
130
130
171
170
166
166
169
164
161
164
160
158
155
153
97
97
89
87
89
145
173
176
172
147
72
64
82
89
90
85
90
100
106
99
85
210
79
106
112
126
137
126
8
72
17
18
56
32
10
159
64
20
51
73
158
193
207
186
165
189
162
197
213
220
218
224
205
88
21
68
153
45
21
25
32
44
25
17
25
103
128
154
155
170
169
164
162
164
163
163
162
159
157
150
91
93
92
86
88
144
167
174
174
142
79
63
80
93
95
91
93
120
106
108
86
235
100
106
139
127
58
28
14
23
55
23
30
32
84
100
15
15
99
181
176
180
203
175
182
154
179
202
214
220
225
230
225
131
30
31
161
56
16
34
38
43
18
32
19
142
134
158
150
153
150
153
159
161
163
163
158
158
158
155
95
92
89
79
88
141
170
174
174
142
80
72
84
90
91
92
94
115
105
112
106
159
113
128
141
91
33
79
21
58
45
37
54
18
65
29
8
124
180
201
196
178
197
170
165
179
187
210
213
222
225
230
233
162
46
22
97
110
16
37
39
37
24
29
62
139
159
165
159
156
156
157
147
142
154
156
154
154
154
150
91
91
85
91
88
144
178
175
177
145
75
67
85
91
95
93
95
102
109
109
108
62
89
143
128
28
10
49
30
43
42
37
76
61
109
8
121
194
162
195
201
195
164
177
179
186
186
198
214
213
220
227
234
193
83
15
58
118
34
36
48
27
28
20
134
128
165
161
159
167
171
159
152
146
144
142
142
150
150
153
88
89
88
86
84
150
173
178
177
149
77
72
82
92
91
87
98
100
115
112
124
6
144
116
51
71
18
41
24
14
19
25
22
82
13
144
174
177
156
211
217
58
87
102
161
190
184
186
205
204
210
219
219
147
36
12
74
147
44
41
53
24
34
31
138
141
156
158
158
157
164
166
153
155
151
150
143
139
140
136
93
94
93
84
85
148
178
176
179
151
74
73
86
94
90
86
94
96
107
155
162
58
126
91
39
44
119
122
47
24
53
15
51
33
22
119
182
213
174
209
131
142
173
136
72
75
177
178
199
202
197
122
90
122
96
21
48
161
23
42
37
28
37
70
127
158
160
155
157
155
156
159
156
153
156
158
155
146
138
128
91
87
85
79
79
145
172
176
176
153
81
65
78
93
92
84
80
145
130
155
159
131
10
90
148
87
55
73
47
12
109
19
24
11
129
170
202
191
179
53
28
20
17
12
109
130
145
163
209
216
158
27
23
31
37
14
57
181
45
38
22
25
24
131
127
159
158
154
156
156
156
156
152
154
155
157
148
146
142
134
89
81
80
65
66
144
176
176
178
147
74
71
88
85
92
78
76
201
133
159
153
18
100
49
14
113
14
24
18
28
30
7
18
117
198
186
220
205
65
25
38
11
136
194
108
121
130
154
224
203
40
20
199
32
30
18
70
184
53
39
18
27
26
146
146
156
156
155
154
157
154
154
153
154
148
147
141
133
131
129
89
85
81
72
62
141
174
180
179
148
83
72
89
100
92
69
20
153
233
39
22
82
78
61
74
83
22
21
18
12
14
10
16
63
177
220
197
115
132
55
121
74
215
207
118
113
130
162
244
92
128
73
182
33
27
23
76
200
83
23
28
26
55
136
160
158
154
151
157
153
153
149
152
144
141
138
130
132
158
183
93
91
79
67
58
144
174
182
186
153
81
76
90
102
108
133
140
159
48
34
75
125
27
38
43
120
96
15
21
25
37
7
152
200
198
216
109
141
149
149
126
96
104
163
153
127
128
156
249
174
142
101
42
62
29
35
63
183
50
31
19
24
118
128
162
153
152
149
152
151
151
150
144
140
134
134
160
185
189
190
87
79
67
60
45
140
175
182
185
152
81
76
93
92
103
137
71
102
15
43
109
94
15
70
141
113
50
22
12
28
27
27
90
190
235
84
111
147
161
171
168
169
182
184
163
149
126
147
233
207
165
141
121
107
48
39
56
167
40
30
25
15
140
142
158
150
150
153
153
150
147
145
142
134
131
192
196
190
189
192
76
76
65
52
47
135
173
182
184
154
81
76
90
132
180
180
71
44
46
90
94
21
8
34
132
116
29
84
25
21
19
142
199
208
24
106
128
146
164
180
189
190
181
183
154
149
131
131
229
212
181
145
136
117
39
50
44
167
57
32
34
43
139
162
155
157
154
152
150
146
144
141
135
129
193
200
194
189
192
199
68
64
58
50
41
140
173
183
183
148
82
66
96
98
90
79
68
46
84
161
39
21
35
34
39
44
73
128
22
27
38
99
211
17
47
111
124
143
151
176
190
202
178
174
156
149
135
134
227
225
168
154
133
115
45
36
23
158
147
16
29
88
131
163
151
153
149
148
148
148
147
138
118
179
194
194
196
195
208
208
62
59
57
46
43
138
172
172
176
148
80
69
84
100
163
40
84
40
58
116
110
35
27
18
65
48
83
51
90
17
140
224
232
9
46
103
127
143
157
165
178
185
178
169
145
136
125
136
195
239
163
152
137
109
20
37
23
136
160
13
22
136
141
157
155
154
150
147
146
145
144
134
148
196
190
191
200
216
213
211
65
60
55
38
29
133
170
173
178
148
73
61
160
103
70
135
71
50
145
114
88
21
21
14
79
50
100
133
44
10
100
230
2
0
47
98
125
135
155
159
167
172
171
166
137
128
124
122
181
256
164
151
135
93
19
45
25
87
168
15
25
139
159
161
149
154
150
147
144
141
139
124
186
192
191
201
214
216
217
216
75
65
54
34
24
132
171
178
182
153
81
76
119
116
66
63
56
48
21
61
53
14
58
1
83
102
66
8
-4
134
110
144
13
9
46
99
122
132
146
156
157
164
167
151
115
140
144
123
176
252
147
145
128
36
25
45
30
27
158
26
72
144
163
154
147
145
147
147
147
143
131
148
198
192
198
216
213
212
221
219
69
64
61
41
53
142
171
174
182
153
97
64
87
116
70
106
69
180
80
92
172
66
73
5
20
87
3
21
116
204
182
7
23
8
56
101
113
130
144
153
157
158
164
156
132
131
32
83
129
207
152
146
124
21
35
60
22
7
155
10
113
137
159
154
148
149
147
146
141
139
126
182
196
195
211
214
216
220
220
218
56
61
59
49
83
152
169
173
186
154
86
72
85
109
12
60
58
25
66
100
112
145
35
175
7
27
76
134
104
209
14
33
21
3
65
105
119
124
136
148
152
160
162
161
150
138
134
133
217
180
155
142
41
28
37
75
25
12
169
59
142
143
156
150
149
148
147
145
142
138
124
189
195
209
215
213
219
222
218
224
56
58
56
30
98
156
170
173
182
157
85
70
81
143
48
106
35
23
61
59
81
152
68
74
55
122
178
143
82
-2
22
24
40
11
79
107
122
124
142
141
145
159
154
160
152
146
176
194
217
171
151
143
28
24
59
42
36
12
190
88
147
152
153
148
150
142
142
146
140
137
128
189
197
215
215
211
215
223
225
228
56
50
51
43
84
153
169
179
185
158
85
65
160
130
85
106
30
72
71
62
59
163
159
25
139
120
221
79
107
17
29
24
58
8
100
99
122
127
140
141
136
143
151
150
149
158
189
224
222
176
147
67
21
19
44
56
44
20
165
80
137
154
154
150
144
148
144
143
140
132
139
193
211
215
216
216
218
226
223
226
35
36
52
37
79
156
181
179
183
158
85
125
77
165
29
73
44
33
146
106
49
75
126
176
164
228
99
193
27
10
14
32
56
18
72
87
116
124
129
138
144
100
81
112
111
97
100
123
62
88
150
26
36
28
51
45
24
12
147
116
144
150
150
150
144
147
144
138
139
131
148
204
221
219
215
217
224
228
228
228
32
39
42
51
93
155
177
179
183
160
113
56
130
118
43
27
39
91
191
79
103
44
68
167
108
118
134
8
34
17
29
41
41
23
58
69
107
116
122
131
148
151
123
126
135
181
205
227
143
150
46
24
19
29
28
56
31
20
109
149
144
151
151
152
146
144
145
146
143
129
160
218
219
221
220
226
228
224
222
221
32
34
31
48
85
150
175
179
193
166
76
62
111
86
145
36
119
71
130
66
50
118
114
159
197
156
62
30
38
29
26
31
46
32
55
49
94
105
119
134
139
145
133
125
119
135
152
132
156
129
19
25
34
32
31
48
47
25
95
157
155
152
151
153
151
145
145
143
136
124
170
228
221
223
228
227
215
210
210
209
38
26
22
81
87
140
174
180
184
163
83
67
86
43
126
20
57
28
149
162
99
76
84
111
227
149
27
27
29
20
31
33
33
43
34
27
70
94
108
124
135
139
141
135
148
161
163
161
149
21
18
27
32
26
31
49
48
48
84
155
153
152
150
154
153
145
146
142
137
116
176
231
223
227
226
218
215
218
221
222
24
23
29
84
91
140
174
177
181
160
84
65
96
66
56
20
35
62
111
122
143
87
125
43
172
62
30
23
37
17
22
20
31
42
42
34
42
59
86
120
133
142
147
166
166
180
179
163
148
50
27
39
46
31
55
58
46
49
69
160
147
155
152
152
149
149
144
138
133
114
194
231
221
223
225
222
220
216
217
209
31
25
17
63
104
142
174
175
180
162
81
52
36
35
70
48
44
20
147
74
108
161
126
120
78
33
32
27
49
20
25
30
30
33
31
41
62
21
40
87
117
130
149
156
173
181
172
154
85
45
41
37
29
29
72
64
66
47
59
160
140
149
147
150
146
149
142
135
131
109
208
232
217
220
225
218
213
200
160
50
25
26
14
44
71
140
169
175
180
156
64
223
168
21
20
47
35
17
136
76
71
45
83
132
142
52
28
24
63
19
28
36
31
29
40
39
39
57
100
118
138
137
139
164
171
180
188
167
82
30
39
28
32
24
65
70
64
52
88
148
100
114
123
132
137
148
142
134
125
101
218
221
217
218
216
204
143
19
10
34
52
41
29
41
48
131
169
174
176
154
149
73
58
7
56
36
101
36
125
144
58
173
93
141
62
136
30
42
59
22
28
23
25
36
37
39
27
74
117
123
126
133
140
148
147
146
164
187
209
215
168
29
35
25
72
66
58
48
127
120
116
114
106
98
95
111
114
120
116
109
217
206
213
215
197
166
23
30
67
59
136
114
59
50
28
113
170
178
182
164
77
185
17
9
48
-2
95
65
13
154
107
55
98
120
132
131
83
37
48
26
25
27
32
28
27
58
29
72
107
120
125
133
139
138
139
149
176
196
204
213
220
228
156
19
55
54
47
62
155
129
133
134
128
120
101
90
83
82
98
66
208
210
216
216
160
12
53
58
69
73
133
155
131
75
19
113
173
171
175
153
217
90
16
15
56
136
66
47
97
38
63
46
66
144
163
3
46
173
35
26
28
33
38
35
38
43
32
70
107
125
117
133
145
133
142
161
171
190
192
200
211
213
220
222
17
33
46
53
171
144
143
140
142
133
127
121
109
102
112
115
218
219
214
173
18
79
64
86
78
76
100
142
160
133
19
111
174
179
182
156
223
73
18
24
50
40
42
42
12
30
69
56
85
83
145
160
113
50
24
37
40
30
40
33
45
61
62
57
119
114
135
133
142
142
152
165
172
180
185
191
202
216
227
238
226
9
56
45
161
149
145
140
142
140
134
127
118
113
118
187
219
221
205
96
68
74
86
106
77
85
6
106
174
147
13
118
173
179
182
157
178
28
13
17
27
33
93
41
16
58
62
43
77
103
137
200
12
98
-8
17
44
22
32
33
25
90
90
49
114
138
133
136
141
142
151
157
163
173
178
188
198
210
220
231
244
57
53
17
139
151
147
140
139
141
139
130
123
120
128
205
222
216
184
60
85
89
106
78
90
92
7
59
184
167
2
114
169
180
183
164
84
11
21
32
24
25
135
16
12
33
86
43
126
77
150
163
9
179
-13
34
87
18
32
17
36
111
93
45
115
123
132
138
137
141
148
153
159
168
180
186
196
208
223
231
246
252
22
2
158
147
143
142
139
135
134
127
116
156
192
218
221
209
111
81
84
98
85
82
93
97
5
29
172
168
6
110
172
178
178
159
175
27
44
16
20
10
150
13
13
34
26
57
94
51
158
173
184
201
156
66
55
32
29
41
40
116
116
66
127
131
134
133
136
138
145
151
157
168
175
183
196
207
221
232
237
244
13
2
139
146
141
142
135
133
129
129
111
223
214
223
222
188
76
74
97
108
72
92
94
78
5
25
171
170
20
103
172
178
177
160
116
52
19
19
21
88
120
20
72
28
36
15
53
141
151
56
157
121
30
54
30
39
37
29
81
124
102
79
122
129
138
135
133
137
141
148
158
164
170
182
193
204
218
226
233
240
190
18
149
141
141
138
133
134
128
119
119
223
210
228
214
131
94
85
103
89
79
97
81
65
2
16
171
179
31
94
175
181
180
163
143
24
26
23
28
45
74
30
15
27
22
71
61
81
128
155
2
3
-13
46
98
42
32
52
107
122
82
83
125
132
139
137
129
133
142
146
154
159
166
174
189
201
216
226
231
238
243
77
145
153
139
134
135
132
128
120
131
220
203
227
197
107
93
82
94
69
92
86
74
82
10
13
159
175
48
94
172
178
178
164
161
44
16
32
76
21
41
33
30
20
47
72
75
100
148
55
147
25
34
17
27
37
21
64
112
121
39
96
131
139
143
141
133
133
135
143
147
158
165
171
183
196
211
222
231
234
238
93
132
142
142
139
138
136
124
128
126
181
199
226
166
98
90
83
68
87
93
77
85
83
14
11
154
171
79
88
166
176
176
170
174
58
25
22
28
19
57
51
39
39
28
13
126
32
26
40
59
135
27
44
21
15
33
97
112
121
32
130
135
138
148
137
139
132
138
144
150
152
159
165
177
189
210
221
231
235
224
132
74
90
110
133
142
138
134
142
140
124
216
218
130
95
77
86
69
93
74
84
78
43
4
9
141
183
97
81
164
177
179
164
120
98
19
17
22
36
30
48
29
17
24
18
85
98
58
46
52
14
20
19
17
23
58
111
106
58
81
127
131
143
148
141
138
136
133
138
145
149
157
163
175
182
201
217
229
236
240
247
66
52
58
69
74
95
123
164
132
129
226
198
98
62
85
53
96
80
80
92
61
29
20
27
135
196
131
79
164
177
178
170
71
53
31
14
53
20
27
42
38
34
29
34
47
164
144
55
21
35
22
16
18
43
91
107
114
18
131
134
135
140
143
143
142
135
134
136
141
149
154
158
170
180
196
212
223
233
236
235
75
90
83
63
39
19
17
105
188
163
221
150
52
54
60
87
86
71
86
88
35
27
76
70
125
192
140
83
165
178
182
167
103
27
25
21
24
25
29
40
45
28
31
55
25
41
186
91
23
13
24
9
21
61
107
110
11
102
124
129
138
138
142
142
144
136
134
136
134
142
148
155
166
169
190
208
221
230
235
237
67
93
98
81
67
38
14
166
187
192
186
33
38
49
74
98
62
68
108
77
53
43
45
103
132
190
151
83
163
176
182
171
135
20
30
20
22
23
28
56
37
22
14
50
24
81
153
28
24
24
12
25
60
101
61
12
98
117
126
134
136
138
137
143
142
141
143
137
132
141
145
152
162
172
181
199
215
227
233
236
192
81
91
83
84
66
67
148
219
159
49
32
51
63
102
60
60
98
96
78
41
28
14
75
109
186
156
81
159
182
187
170
51
34
21
31
28
77
27
65
52
111
37
40
42
57
120
59
29
20
15
17
17
40
84
114
121
122
128
134
135
134
137
139
147
146
141
140
141
139
140
149
161
168
183
191
207
221
230
230
237
73
86
96
91
92
96
111
144
55
59
63
64
98
66
44
82
114
93
47
43
22
28
41
79
188
175
92
156
183
189
176
39
36
22
31
37
69
28
89
19
74
15
109
0
119
119
79
9
10
21
42
78
103
109
120
121
124
122
132
134
135
139
143
145
145
147
146
142
142
143
148
154
165
174
184
199
212
226
233
233
39
81
97
103
112
101
99
85
90
85
59
85
63
54
51
111
116
78
40
28
19
24
26
61
215
212
90
157
177
178
180
60
48
24
40
50
33
29
80
25
52
128
27
42
80
25
114
42
13
49
86
101
109
110
125
119
128
129
127
130
131
139
140
145
149
148
145
148
148
144
150
151
165
172
184
198
208
220
231
232
81
73
90
106
110
109
102
104
117
82
89
71
65
52
103
125
92
44
27
30
76
18
24
34
213
206
81
156
179
189
186
36
20
14
51
59
73
104
34
36
16
56
32
19
45
54
56
95
29
65
87
101
116
116
128
123
125
129
126
136
131
134
140
142
140
142
146
148
147
148
151
155
163
168
176
190
208
212
226
230
188
82
84
90
125
119
119
137
107
76
56
74
72
79
128
118
43
13
24
82
102
