177
178
180
178
187
187
187
186
187
193
192
193
192
194
197
194
195
195
190
190
193
191
191
194
192
193
194
196
193
189
188
185
187
188
188
189
188
185
185
185
185
178
179
180
179
176
163
87
71
107
92
91
80
82
108
38
34
72
34
66
57
163
40
56
30
35
50
41
173
175
171
174
170
174
177
178
173
173
174
172
185
186
188
184
180
180
180
180
177
180
180
189
191
190
194
193
190
191
193
193
192
192
191
194
195
193
192
195
193
191
186
184
187
189
188
186
185
183
181
181
182
178
177
176
175
174
163
89
71
85
88
102
75
94
92
45
31
63
41
80
82
133
54
35
37
40
45
51
167
167
174
173
177
173
170
168
168
169
172
168
180
184
183
184
180
180
181
183
184
180
176
183
183
185
179
185
185
186
188
189
188
190
192
195
195
193
196
195
191
189
187
183
182
182
182
184
181
178
180
179
175
175
175
176
172
172
160
73
91
69
114
84
143
71
89
13
34
42
57
50
107
171
50
31
48
51
25
42
176
171
177
172
173
169
172
169
166
166
167
169
184
188
188
187
186
184
188
187
184
186
183
189
186
188
183
176
179
180
186
190
190
186
191
193
194
193
192
190
190
187
186
186
182
180
182
184
180
181
181
180
176
174
173
172
168
166
160
73
86
81
98
71
98
76
67
34
48
22
43
55
62
127
28
51
38
44
31
37
193
173
171
169
168
169
172
173
164
163
162
156
186
191
190
190
187
187
190
188
192
183
184
182
182
183
178
179
180
185
188
189
188
187
191
193
191
189
188
191
192
191
191
187
183
182
180
178
182
180
179
175
174
166
164
166
167
167
160
105
71
85
67
74
71
100
60
41
39
15
46
37
103
70
33
29
37
32
41
34
191
168
166
165
165
166
162
158
159
159
157
157
194
190
190
186
190
185
190
186
186
186
180
179
175
174
173
175
178
178
183
184
182
184
189
186
187
184
186
190
191
191
192
187
186
182
178
175
177
179
175
175
174
171
167
166
167
168
168
89
82
81
102
72
98
85
57
60
33
46
44
38
109
59
29
28
49
40
30
37
174
167
166
161
162
163
162
159
159
159
158
157
190
191
184
181
177
181
180
178
177
184
187
180
175
174
172
171
174
176
180
180
184
184
182
183
184
185
180
188
189
191
193
186
188
184
181
177
175
177
173
172
173
170
169
169
169
170
165
73
81
82
90
71
85
77
49
70
33
26
46
13
48
38
39
34
36
38
36
57
104
160
163
163
163
161
161
160
159
159
158
157
182
188
191
191
185
183
186
181
187
186
181
176
181
181
176
173
172
174
174
176
177
178
182
181
181
183
187
189
189
185
183
184
185
178
177
177
176
175
173
174
173
170
169
170
167
168
168
73
75
102
81
86
74
76
54
78
41
17
46
52
86
51
59
40
34
56
26
42
58
165
162
162
160
162
161
160
159
159
158
157
189
193
190
190
187
188
183
183
183
177
176
176
178
175
174
176
169
171
171
176
171
174
172
182
185
186
188
187
184
184
180
178
177
176
177
177
175
174
172
171
172
172
174
171
169
171
171
108
67
72
70
82
81
79
104
97
41
40
55
35
71
64
89
51
37
48
40
32
42
160
162
159
160
161
159
160
158
159
159
159
194
193
192
191
190
192
190
185
183
179
175
177
177
177
183
177
180
176
171
174
177
187
180
179
184
188
186
185
189
184
195
182
186
183
177
178
179
178
172
169
174
179
173
171
176
176
185
86
83
86
103
62
91
82
100
142
29
34
57
51
56
120
148
34
44
32
45
36
33
161
161
161
160
158
158
161
157
158
160
160
196
196
193
194
190
191
187
186
186
181
182
180
176
176
178
176
172
174
172
173
179
178
181
179
181
195
209
196
184
195
210
200
196
189
192
178
186
180
174
172
172
174
174
171
169
172
166
74
72
70
95
105
71
78
74
112
38
37
58
44
102
53
119
37
46
34
45
34
47
161
161
162
160
158
158
160
159
160
162
161
196
197
193
195
195
188
184
185
187
189
185
184
182
178
177
175
178
181
178
178
178
177
175
185
190
182
202
206
184
195
207
215
209
187
208
196
185
194
177
175
174
173
170
169
171
172
172
123
64
91
71
65
116
64
102
170
36
28
72
40
58
117
128
43
36
42
40
67
46
157
160
162
161
159
160
161
162
162
164
166
194
193
192
195
192
190
187
190
187
192
186
184
185
180
181
180
184
183
182
183
181
177
179
185
199
212
207
214
211
204
197
203
197
202
196
204
209
213
186
174
177
187
172
172
175
173
181
92
91
76
104
72
88
61
91
174
23
38
69
50
42
107
154
40
35
42
56
45
58
161
162
162
162
161
161
162
163
165
163
166
193
191
187
186
189
191
191
188
187
186
184
184
183
182
184
180
181
182
182
183
178
175
179
179
196
205
214
216
203
211
206
201
190
196
195
204
201
205
197
179
182
179
178
177
176
174
170
70
134
80
70
111
70
107
93
107
45
34
71
38
18
61
95
40
58
29
46
33
54
181
162
162
162
162
166
168
169
169
167
164
193
189
184
184
187
189
188
187
189
188
184
178
179
177
179
180
181
179
181
181
178
177
176
174
176
183
189
204
204
214
219
218
209
197
193
197
203
178
176
173
176
177
176
175
174
176
181
79
64
111
72
58
116
68
114
165
36
24
101
41
37
72
145
48
34
59
52
39
44
180
162
164
163
163
166
167
168
167
164
195
186
182
181
183
180
182
179
178
180
178
178
178
177
177
178
181
182
183
181
181
180
178
178
177
179
178
176
175
175
182
197
218
211
211
205
178
208
202
205
192
176
173
174
174
174
172
184
65
117
86
66
66
108
138
70
140
33
18
97
38
35
61
149
24
37
47
40
39
40
164
164
165
163
167
168
167
166
166
160
189
185
182
178
177
178
178
177
177
175
174
175
176
176
177
180
182
184
188
181
180
181
180
180
179
176
175
175
175
174
174
179
180
204
207
211
192
185
195
194
178
172
171
171
174
173
179
189
73
130
82
59
103
70
59
111
113
43
23
94
39
23
76
111
30
49
35
45
36
40
105
164
167
167
167
167
166
165
166
196
189
179
177
179
179
178
187
182
179
180
174
177
176
177
179
186
188
186
182
181
179
180
179
182
180
179
178
178
177
174
175
177
177
179
189
205
199
191
179
176
180
173
173
172
171
171
176
242
187
69
71
62
119
78
76
73
131
30
32
94
60
63
80
97
32
43
67
32
39
43
59
168
168
169
165
166
166
164
167
193
187
175
177
177
178
178
179
181
178
176
176
174
177
178
184
193
187
196
189
183
182
183
181
178
180
180
179
179
179
180
179
179
178
178
176
188
188
198
191
176
183
173
173
171
170
170
168
14
32
105
71
61
63
55
85
62
101
32
40
79
35
63
65
77
32
64
47
31
46
34
52
173
177
171
170
167
167
168
203
191
163
174
175
175
174
177
177
176
176
179
178
177
178
179
182
185
185
192
180
193
181
184
184
182
186
182
181
182
180
177
177
176
174
173
172
175
176
183
177
173
175
172
170
171
173
173
166
155
80
76
97
68
70
62
83
61
168
20
34
77
43
40
113
47
47
48
37
37
41
34
19
173
172
171
166
167
168
168
198
165
168
174
175
176
177
177
181
179
175
180
179
183
183
190
189
197
190
187
186
190
185
182
179
179
180
185
182
183
183
182
176
175
175
175
174
174
175
173
172
172
172
172
173
180
193
175
176
193
93
67
107
65
83
96
78
63
109
33
29
55
66
34
57
44
70
32
39
48
32
26
31
166
169
169
169
168
170
196
177
166
165
174
175
177
179
181
179
179
178
184
183
189
187
186
183
181
187
185
183
183
189
183
184
181
187
183
181
182
182
182
176
173
193
183
178
179
179
185
177
175
174
174
182
199
199
185
183
206
112
63
69
77
111
72
81
82
90
22
24
35
42
71
49
49
83
34
44
36
43
38
32
180
191
187
188
183
178
187
169
167
164
175
175
176
175
178
182
175
177
181
184
183
183
182
180
180
179
177
179
179
182
185
189
187
179
182
182
180
177
180
176
182
192
199
197
184
184
181
179
175
181
183
192
194
191
194
189
221
73
99
63
71
107
93
76
84
129
24
22
21
39
35
16
88
124
36
30
55
34
38
46
200
206
203
199
192
189
181
171
169
167
176
176
174
175
177
177
176
180
181
184
184
181
181
177
178
183
189
187
181
179
181
185
190
188
187
183
181
182
179
179
180
193
200
193
197
186
179
197
185
200
193
188
188
189
191
196
214
86
76
110
128
63
92
99
58
91
32
22
20
40
51
40
79
140
27
46
42
30
60
32
237
208
204
199
192
192
183
178
170
169
177
177
178
178
175
176
178
179
183
185
184
181
180
177
178
177
179
180
178
180
178
179
183
185
190
193
190
186
188
184
189
195
198
201
203
194
193
194
67
33
193
196
194
195
193
196
218
116
99
60
104
85
64
82
90
101
12
35
14
44
71
58
93
116
60
35
34
33
33
34
234
209
207
202
195
192
183
179
171
171
180
179
180
183
180
179
181
177
183
183
183
181
176
177
177
178
179
181
179
179
179
179
181
183
186
186
190
192
195
198
198
201
202
204
203
201
203
222
161
74
203
196
198
196
195
200
224
45
103
99
50
101
82
77
82
98
26
26
25
43
60
61
60
123
33
22
34
37
34
48
202
213
214
208
194
187
181
179
178
173
181
178
180
180
183
185
185
190
187
188
184
184
179
179
178
178
179
182
180
179
183
181
193
211
209
205
201
199
198
206
202
199
201
199
199
206
135
137
149
158
129
136
197
195
200
204
212
76
69
94
90
69
75
59
97
64
33
39
33
57
40
34
61
96
46
60
38
41
38
33
115
213
211
203
193
196
195
192
185
175
182
176
175
194
196
124
28
1
51
67
51
-13
174
180
179
181
182
181
182
183
195
212
216
219
214
149
12
257
203
105
119
192
194
195
196
166
62
117
119
89
98
35
249
212
212
213
171
65
114
60
62
78
79
65
130
63
50
38
30
55
54
27
68
111
30
42
42
29
30
43
45
214
208
203
202
203
198
187
180
175
-13
29
77
93
82
87
85
74
65
52
43
42
-13
174
183
184
184
183
188
204
215
197
149
2
41
67
202
9
46
47
67
203
194
188
179
138
3
133
145
128
78
31
95
212
211
18
167
76
100
60
56
72
80
101
106
55
54
42
35
67
61
23
68
100
22
51
23
33
29
40
8
200
199
195
192
189
183
180
175
174
82
86
83
86
80
79
83
70
63
52
42
24
13
217
189
188
183
189
181
123
0
34
27
197
95
35
35
50
40
54
12
232
206
189
178
38
120
123
141
113
104
29
112
211
215
76
160
175
72
70
95
87
72
69
109
44
86
33
40
68
52
58
69
114
39
42
37
50
34
37
14
191
182
183
176
174
175
175
177
175
72
80
82
83
81
64
79
69
64
48
37
29
26
28
180
169
108
4
11
9
115
189
9
58
30
53
34
36
43
54
26
224
195
191
185
178
188
68
118
74
34
26
66
214
210
73
151
149
177
88
45
73
83
128
55
69
90
17
34
80
70
27
65
136
24
15
38
41
30
32
41
179
183
179
184
176
177
179
177
175
62
76
82
83
82
68
76
69
65
53
1
123
199
74
1
14
14
39
199
94
17
36
37
24
42
38
32
32
35
39
55
78
207
186
183
155
22
104
32
19
27
15
112
216
202
68
157
150
38
151
57
90
69
42
84
50
113
28
22
77
61
62
61
96
33
20
28
27
30
34
27
189
186
187
178
178
176
178
176
177
51
64
80
82
79
69
75
66
181
175
41
7
17
13
-16
185
177
17
15
16
39
41
31
23
62
50
43
36
36
45
38
10
209
203
184
195
3
20
105
7
16
0
65
212
219
93
156
151
41
24
148
74
99
69
71
96
141
31
22
103
62
43
65
59
42
42
30
44
39
27
39
198
181
179
178
178
178
179
178
178
40
51
69
68
129
187
156
22
14
12
4
0
134
174
101
9
23
19
19
20
35
41
30
25
35
39
36
44
35
35
40
72
190
185
183
183
178
42
126
9
13
4
23
91
208
156
154
146
34
23
28
122
75
90
77
98
104
34
42
96
67
52
64
39
49
39
15
32
31
34
36
203
177
177
177
179
177
177
178
178
11
183
185
135
11
5
11
10
9
46
202
168
19
15
37
26
23
20
23
19
37
47
29
28
39
38
36
34
34
51
62
19
213
184
184
183
184
125
133
131
11
168
25
9
179
187
157
144
33
26
22
42
101
116
71
98
130
17
23
114
32
51
74
39
67
32
32
27
30
34
34
184
183
182
181
182
181
181
181
181
114
5
14
16
7
20
-18
207
173
87
9
30
36
40
40
29
24
20
28
17
31
35
31
29
33
37
33
46
37
44
43
47
198
190
187
189
188
180
129
5
13
233
23
43
106
183
164
153
43
26
32
37
45
114
43
63
103
23
67
90
68
60
58
50
70
32
36
37
30
45
55
149
192
186
182
185
184
185
183
183
14
20
14
-2
190
179
145
24
10
27
28
27
35
38
39
39
26
20
28
32
28
35
28
27
52
44
33
34
35
31
42
39
57
193
192
190
191
195
113
118
19
235
5
15
20
166
166
154
19
31
40
34
82
66
93
62
78
38
44
85
40
30
86
74
119
42
41
31
16
23
30
78
191
192
190
188
186
188
188
189
14
104
179
181
67
14
17
28
31
30
26
28
34
38
40
42
29
24
31
34
29
34
26
28
30
31
28
39
36
123
114
53
33
195
193
193
193
210
160
78
19
210
7
219
215
184
148
162
19
26
43
53
96
106
37
96
56
66
49
63
50
9
23
56
92
15
84
33
27
20
64
39
196
192
194
195
190
190
191
192
182
131
23
11
22
30
35
29
30
32
29
31
31
33
40
43
41
33
28
25
22
34
26
25
37
40
34
33
105
93
37
64
48
193
200
195
201
190
27
2
19
204
219
195
52
175
144
22
155
149
53
65
80
91
117
22
97
55
78
44
41
14
56
116
134
36
34
29
35
35
37
4
200
197
193
195
192
193
192
193
12
10
33
31
33
31
32
31
31
34
33
29
31
33
41
42
45
44
39
35
40
50
48
55
48
51
38
72
119
67
63
44
116
199
201
188
196
209
36
12
24
212
214
180
87
106
151
61
153
141
23
61
127
78
97
66
30
88
51
42
41
8
40
72
78
45
37
35
37
28
34
28
200
206
207
204
201
200
197
195
31
32
35
33
31
33
33
31
33
31
33
32
33
37
41
45
47
49
48
43
49
60
56
58
59
28
48
110
116
32
17
107
170
161
164
159
145
156
158
126
131
130
132
100
32
82
132
75
36
63
82
85
97
70
57
53
53
34
92
65
50
65
72
130
142
30
35
37
29
45
46
35
205
203
204
203
203
202
203
203
31
31
31
33
34
34
35
32
29
33
32
36
35
40
41
45
49
50
51
50
50
51
55
53
34
45
101
105
26
10
60
119
128
142
130
133
115
114
115
115
122
112
111
97
47
75
92
77
100
76
82
93
68
63
59
48
51
48
19
69
65
52
51
54
116
33
16
37
67
62
32
43
205
209
207
209
210
210
212
209
29
32
33
34
33
34
31
32
33
32
35
38
38
40
43
43
45
47
49
48
47
50
51
34
28
117
106
48
44
9
44
83
111
124
124
115
103
121
126
129
119
98
87
80
39
68
91
161
54
55
79
69
61
62
62
55
54
49
54
33
71
53
60
117
110
127
19
17
35
51
44
25
220
208
213
213
209
209
214
206
33
33
33
34
32
32
33
33
32
36
35
38
40
40
42
45
46
48
49
50
49
46
42
37
128
113
104
32
9
37
101
117
132
130
133
140
124
143
128
127
137
101
134
93
43
86
111
149
92
100
81
71
67
66
65
69
72
55
58
56
33
71
54
77
112
195
59
38
107
143
77
21
220
208
208
206
209
205
202
206
33
31
31
32
33
33
34
36
37
36
39
41
42
44
43
46
50
53
54
55
52
33
32
95
107
106
26
13
35
96
151
149
162
157
180
174
162
177
163
171
186
156
172
180
122
72
138
143
105
112
101
76
70
71
57
60
63
49
54
41
48
37
89
57
104
123
67
13
2
106
136
12
156
56
134
173
212
207
208
207
32
31
31
32
34
34
34
37
40
39
39
41
42
44
44
44
46
47
49
48
37
34
57
118
113
44
57
12
20
53
102
107
115
111
119
114
102
118
101
86
97
79
80
80
44
82
167
165
159
103
95
54
54
56
51
50
51
50
49
48
42
51
52
94
66
113
121
148
140
153
138
56
127
140
156
100
77
152
196
238
32
34
32
33
35
38
38
38
39
41
41
42
42
45
46
45
45
46
47
47
41
28
133
123
109
31
11
30
58
127
125
134
139
138
141
131
138
139
144
158
157
143
132
121
93
77
179
179
183
130
104
60
63
66
57
56
60
51
63
52
51
52
45
57
94
94
124
122
145
138
144
153
105
142
193
131
90
108
165
194
32
34
35
34
36
38
38
40
41
42
43
42
43
45
45
47
47
48
44
35
30
139
135
136
16
28
13
42
99
120
114
118
128
122
118
115
104
110
110
114
103
100
84
75
59
59
119
198
199
106
109
76
48
54
50
50
41
46
46
44
42
44
41
34
69
99
114
120
132
140
148
137
128
142
147
147
164
147
117
137
32
34
35
35
38
37
41
40
41
42
43
44
44
45
44
43
44
43
39
28
145
133
133
30
47
10
39
60
115
128
136
137
134
147
133
124
128
141
124
119
141
134
119
110
100
108
73
208
205
161
103
82
62
65
63
58
53
52
55
53
50
48
45
43
32
67
99
119
120
125
116
125
143
143
155
145
148
146
145
145
34
36
36
37
38
39
41
41
43
42
42
44
44
46
45
44
37
36
45
135
143
145
89
27
17
5
16
38
84
93
102
102
102
111
114
103
107
112
104
88
103
104
91
73
73
52
84
193
206
192
128
77
47
48
53
51
49
45
48
43
43
48
39
41
41
20
68
97
116
122
119
99
137
158
151
146
147
141
146
156
36
36
37
38
39
41
40
41
43
43
44
45
45
46
45
46
36
43
80
136
144
153
15
36
18
46
88
141
149
145
151
148
149
153
148
158
141
159
138
164
138
165
131
166
126
102
121
222
202
205
97
69
61
68
62
65
67
56
64
57
50
45
44
42
45
41
19
66
102
112
124
121
110
152
134
146
147
148
143
155
37
37
37
38
39
40
40
41
44
43
44
45
43
40
41
36
40
51
138
143
144
41
39
15
20
46
48
103
107
112
112
113
117
119
113
121
108
110
109
115
109
116
104
113
69
71
94
163
202
206
143
91
65
45
54
47
47
44
54
49
47
41
44
42
40
38
36
12
61
101
109
119
114
112
165
152
147
141
147
144
39
39
40
40
41
44
43
41
43
44
46
46
45
45
36
39
28
129
135
142
52
18
8
21
71
160
169
143
153
163
167
158
134
149
152
151
119
131
157
148
113
118
112
130
106
66
46
89
199
198
183
110
61
56
40
46
41
45
45
40
41
39
40
38
38
36
36
42
10
64
99
103
117
115
121
157
150
144
153
147
39
40
40
40
41
42
42
45
42
43
43
43
42
42
34
25
128
134
142
156
7
42
12
38
55
123
134
122
126
138
139
136
93
129
130
153
124
113
155
142
110
133
162
119
103
104
47
69
202
198
202
68
66
55
50
51
49
57
54
48
47
44
43
41
42
41
40
41
43
10
62
95
104
115
109
116
123
150
155
158
39
40
39
40
41
43
42
46
42
42
42
40
38
35
31
122
130
128
127
35
37
13
7
29
48
93
106
103
108
117
105
114
111
104
106
129
105
88
120
125
91
105
128
86
76
88
46
68
208
193
190
144
80
59
56
45
44
48
42
42
41
41
42
39
38
38
38
37
37
37
9
59
91
102
109
108
106
87
148
150
39
40
40
41
42
41
43
44
44
43
43
38
37
31
94
126
133
137
35
31
13
15
30
64
115
124
75
101
117
112
104
141
124
94
125
120
96
93
117
105
84
90
77
75
85
59
41
114
203
181
186
144
89
60
51
43
43
45
40
43
41
39
41
38
38
37
36
35
35
35
37
11
64
92
96
102
104
105
80
162
40
40
42
42
42
41
42
45
45
44
40
38
41
64
127
128
120
135
16
42
15
25
54
134
148
128
117
130
134
134
156
168
165
166
170
164
146
133
122
121
132
141
145
163
165
138
79
87
108
186
184
190
56
54
49
28
61
53
48
49
51
46
46
43
42
40
39
38
38
37
38
37
10
67
91
96
105
105
104
109
41
41
41
42
41
42
42
42
41
40
40
45
35
126
130
132
135
41
29
14
2
27
51
78
105
106
103
102
101
107
118
131
140
133
140
135
124
106
100
88
75
81
103
107
123
117
90
40
64
188
183
182
133
78
57
49
56
42
37
39
48
42
43
42
39
38
37
38
37
37
35
36
39
4
71
95
92
103
103
110
40
40
41
42
42
41
39
40
38
37
44
22
135
131
133
127
27
22
30
20
4
35
51
66
82
100
95
92
89
93
102
107
72
122
116
113
101
92
82
73
67
69
85
81
92
86
72
27
50
178
179
182
141
80
54
48
37
41
41
39
40
39
39
40
39
39
38
36
36
36
35
35
35
35
10
77
89
93
100
99
42
42
42
43
43
44
42
39
36
41
42
133
130
133
134
94
6
35
15
24
41
111
122
107
120
131
123
118
116
119
119
124
141
133
136
102
101
95
107
120
114
121
112
96
89
80
63
30
63
207
182
184
192
92
64
49
48
39
40
40
40
39
41
38
38
40
37
36
35
34
35
35
35
36
31
6
68
83
93
98
43
41
42
42
43
44
41
35
34
38
113
136
135
134
155
27
23
14
14
25
54
107
122
151
171
159
140
124
127
147
163
172
170
156
124
109
122
163
185
174
158
124
114
130
164
167
141
21
103
144
180
185
183
129
81
58
46
46
42
47
43
41
44
43
42
40
40
41
37
36
39
40
37
37
37
28
10
79
85
93
41
41
40
40
41
41
37
39
24
88
127
129
137
142
23
24
28
11
19
21
33
73
102
133
147
137
107
91
99
122
147
145
132
110
84
87
114
149
159
136
97
60
82
103
137
128
100
17
81
61
188
183
193
140
71
63
53
40
41
40
39
39
40
38
38
39
38
38
36
36
36
36
36
36
34
36
25
5
77
78
39
40
39
39
38
38
38
26
61
135
130
136
142
60
4
28
13
9
20
23
29
61
79
101
118
117
98
80
89
108
125
123
116
95
74
80
101
131
131
110
79
56
80
99
115
111
77
23
46
58
191
185
178
192
85
57
52
52
45
36
35
37
39
37
37
36
38
38
36
36
36
36
36
34
34
34
34
17
19
77
41
41
38
38
37
38
35
42
115
115
122
130
135
31
21
12
16
6
22
18
26
48
70
95
103
99
86
79
78
94
106
107
97
83
72
79
86
101
107
88
75
69
78
88
98
90
65
31
32
30
190
187
184
177
123
87
52
47
36
40
34
37
37
37
37
37
38
37
37
38
36
36
35
34
33
33
35
34
14
8
44
44
40
36
38
45
23
117
118
119
124
125
16
20
29
14
17
51
94
100
134
103
106
131
136
120
136
110
106
122
114
133
119
104
113
108
104
127
96
100
83
86
90
85
102
78
50
31
37
79
190
184
184
179
125
66
52
50
41
39
37
35
37
37
36
38
38
37
38
37
37
35
33
34
34
34
34
34
32
12
44
44
41
38
45
26
112
116
120
122
124
49
4
26
11
18
20
63
136
140
143
173
125
169
164
147
207
138
158
176
129
168
165
109
186
147
124
198
112
162
184
113
167
159
121
192
135
86
28
84
73
184
182
185
190
75
59
53
44
37
52
48
47
45
44
44
44
40
42
39
39
38
36
35
35
35
34
36
35
31
43
40
38
39
22
94
116
117
121
121
128
23
20
17
8
26
19
48
82
84
109
147
74
152
117
94
161
92
132
152
85
146
124
95
161
105
114
173
77
131
148
70
170
103
94
152
69
72
38
66
62
181
182
186
173
108
86
52
47
44
48
40
38
45
41
39
39
39
38
38
37
37
35
36
36
37
36
35
34
33
39
37
35
23
65
113
118
118
120
119
22
25
32
11
10
26
21
45
60
73
87
131
66
126
105
82
144
90
107
129
78
131
111
83
139
86
102
142
65
122
124
63
137
87
81
138
53
76
65
49
57
176
180
187
179
130
49
51
48
50
42
39
36
41
39
38
37
38
37
37
36
37
36
34
34
35
34
33
34
33
35
38
28
38
117
116
119
123
121
31
7
23
9
12
10
24
22
41
59
64
84
104
72
105
99
78
120
86
96
117
75
110
100
72
122
79
90
120
63
110
98
67
118
81
76
115
47
66
82
31
19
198
177
176
174
188
62
62
50
47
36
40
39
37
36
38
37
36
35
35
36
36
35
35
33
33
34
33
34
35
38
31
20
113
116
114
120
126
101
18
19
21
6
14
6
16
22
33
53
58
74
91
73
92
90
77
103
84
84
100
76
96
90
76
107
66
76
98
65
102
85
69
99
69
74
90
51
57
44
24
56
151
182
176
183
183
105
72
50
48
42
39
37
37
37
38
37
34
35
35
36
37
35
34
36
32
33
33
35
34
39
18
111
115
117
120
121
128
28
22
23
13
21
9
5
10
18
28
52
51
71
83
69
95
83
65
95
73
81
90
67
93
74
69
93
63
75
82
58
95
62
65
83
59
72
77
50
55
41
42
74
38
176
181
181
182
126
67
57
51
45
37
36
34
35
35
38
36
37
36
37
37
35
34
35
34
34
33
34
33
21
96
119
118
121
120
117
17
1
19
8
11
16
59
62
190
124
168
168
112
159
122
148
134
117
165
79
149
122
118
144
88
145
121
108
128
90
132
92
109
59
85
144
129
162
139
143
151
139
45
64
87
179
184
183
187
179
63
74
54
48
42
39
40
39
40
39
39
38
38
38
39
35
38
37
36
34
34
34
34
67
120
121
125
122
120
72
12
21
18
10
22
25
55
69
153
109
144
161
98
179
127
143
169
104
190
124
143
175
107
179
121
156
142
117
189
107
181
160
124
192
106
180
154
120
187
100
182
91
30
60
35
192
188
190
192
200
99
74
61
51
48
36
43
44
45
43
42
41
41
39
39
38
39
40
39
36
35
35
35
121
124
125
125
126
138
25
27
24
6
5
20
24
53
49
128
82
103
147
67
147
114
102
147
79
165
105
105
155
77
151
108
108
156
61
160
100
120
151
71
160
89
130
135
71
159
64
116
79
17
34
123
210
192
195
198
202
131
55
69
58
52
46
46
42
42
41
41
40
39
40
37
37
38
38
37
36
35
34
34
125
128
130
134
130
20
8
14
10
8
5
22
19
48
45
102
71
88
123
70
128
88
102
126
78
140
93
100
133
68
145
97
96
147
60
139
92
103
132
67
140
77
106
127
59
150
59
97
74
21
27
50
84
201
200
200
202
160
75
83
59
56
49
43
46
42
41
39
39
38
37
38
36
38
36
36
35
36
34
32
127
129
131
132
47
11
20
21
12
14
5
17
21
45
39
88
65
84
99
70
114
85
96
117
78
124
86
99
114
69
125
90
92
127
66
121
89
98
119
69
131
83
97
106
58
123
56
81
69
20
36
61
40
201
205
204
202
205
99
73
68
59
52
41
41
40
39
38
38
37
36
36
36
36
34
36
35
34
34
33
127
128
131
121
25
23
19
10
11
9
-1
18
20
43
37
70
63
85
92
69
102
76
93
108
80
108
79
94
105
71
112
84
83
110
68
106
84
87
102
64
116
72
90
100
56
108
56
70
64
19
30
70
80
202
206
204
204
200
131
59
73
63
55
52
41
39
38
37
36
37
36
34
34
35
34
33
34
33
34
33
126
130
136
24
3
17
11
9
17
8
4
11
20
41
31
58
62
75
84
70
98
72
85
95
81
96
74
90
97
68
99
77
79
100
71
90
72
78
88
71
97
67
77
89
56
90
55
58
56
24
36
73
20
234
208
208
205
213
160
72
82
70
60
53
40
40
37
37
37
33
35
36
34
35
35
34
34
34
34
33
127
132
29
18
56
18
9
17
15
8
2
6
18
31
25
53
62
70
79
64
89
65
78
89
64
80
68
74
87
57
82
77
70
92
64
81
77
61
91
61
81
68
50
88
49
76
55
47
45
24
52
39
33
153
214
212
210
207
201
94
73
68
62
56
48
39
37
35
35
34
36
38
34
35
35
35
34
34
34
34
117
106
20
28
13
8
6
17
11
-2
15
16
19
34
14
36
73
85
90
48
79
74
50
78
32
70
49
35
70
31
46
42
25
57
14
38
59
25
48
13
51
20
7
50
1
23
12
7
18
-4
24
20
62
10
218
216
215
205
212
134
57
76
63
56
50
39
38
34
34
34
35
34
34
34
34
34
34
34
34
34
